0.12555488613357113
0.3481706755524221
0.0044439592741835066
0.8401831132940268
0.07495927656234225
0.3288862863980002
0.524698391320716
0.11079552697293937
0.6188011775820512
0.6486467550409841
0.6329659256423953
0.9336647005139687
0.14561271224603556
0.5611958816836302
0.08460955022036987
0.4987195798035726
0.7146339469956575
0.21206358255006263
0.5980192578515072
0.3449826141124315
0.47294058754890245
0.3062168980394564
0.3562750927997437
0.9659355990970576
0.3030638073383606
0.44725157067212373
0.5274645454047339
0.27263914634189546
0.5404164327743229
0.6328310720608783
0.9120326117020373
0.3546879861028853
0.4317357508973573
0.8352347160494816
0.069464998515961
0.5095661382282904
0.0935834308522937
0.5122616213205489
0.09705626618954943
0.3132120190553086
0.47945821929016175
0.7332140689196478
0.09335889760690874
0.568413675680601
0.6382903404633439
0.011169407679531895
0.25449869985669893
0.32628244631255465
0.8223679920884206
0.24115346871747245
