0.9691933290925367
0.21566205370589353
0.1416553211127718
1.3661931089480077
1.698321623722947
0.9988766081859217
1.7012395946898515
0.5912394801509109
0.47700853048545966
1.5005551321715827
0.5231250041283042
1.2270003751590732
1.8798892445588133
0.9546209728194899
1.5648320694826976
1.4473331583845221
1.0398837108975163
1.484286535405644
1.8383688978301438
1.7360712194680554
0.43079021683459184
0.01175277286466403
0.902574109060748
1.5632951302884261
0.888313048800311
0.38777743158884226
0.06761758471849166
1.4682328965329692
0.8500190752794954
0.7486861108356535
0.6493528557191355
0.8619024597023521
1.7001427060893373
0.18977298388758035
1.179444545754633
0.2237038305753054
1.448020260592766
0.03364395381585594
0.4553703479228175
1.667238769411449
1.987606152819342
0.14650893922388097
1.428411983411965
0.944193996992361
1.9133865792492069
0.06760584761169253
1.1762529186535462
1.6580885829178604
1.7038858254961382
1.7238807052244334
