0.7123432603734496
0.93304847351645
3.1679237103952023
0.7958400752082636
3.5457775320883647
3.3278542005452287
0.5904273917502884
0.0866579967573754
0.5257848950527241
0.2491283580947925
3.180382955520126
3.1436087852940404
3.335881717052051
0.8841103588745161
3.670604828190037
3.7708114940902253
3.7509759538681626
3.4432912832682896
3.9981520688699668
0.7327120060892891
0.9883640601288615
3.1363583533429416
3.6658427947795094
0.9861132898449309
0.6372747223703786
3.8440466483173847
3.843705094631476
3.078539953592402
3.1651124434217337
3.663923024974246
0.29822386408702917
0.6297246453609951
0.14506696534670616
0.4638706995805493
3.8344352664066785
3.645245212580567
0.4912397940206842
0.6781977592196032
3.840158456401231
3.8319769061142104
0.13784417124861414
3.956631157831972
0.7694971453570475
0.5493583352669219
0.9660955682458043
3.3554981565550874
3.55544215979023
3.6321302239865267
0.38620823300506957
3.125791410285286
