3.593976452306777
0.08548648530110903
0.22350270295094188
3.0291145961646415
3.706762834769166
3.2446608909139085
0.2009108203617309
3.1562950558029046
0.23593977740787186
3.064662765691275
0.8689028004951953
3.099125050198862
3.626291463615332
3.043042568998866
3.0971117917775675
3.2146875258907484
0.9781783974288523
0.047917377356748725
3.432782561260762
3.8574154438404467
3.882767669630548
0.928931917442674
0.9587750214202929
0.10317584582289574
3.2292920003492958
0.507167885788933
0.21728943389457034
3.3611739445224877
3.7220953741750167
3.1538958689734358
3.156266496422626
3.51802180092326
3.7005662481614063
0.3722195356317566
0.03203966764997068
3.507149515684329
0.7384698213035746
3.8183136076489745
0.4768685053667798
0.4334388134384084
0.8138870781274904
0.08316973401859351
3.4092923964836475
3.5267192718990197
3.666445069467814
3.24137443202232
0.980703942030786
3.586838831585596
3.856672672576086
3.5379932214001824
0.2898083458589803
0.7228827433494823
0.7888046718046369
0.4634144420587558
3.1167006061072278
0.6906390330133435
0.8352329068067564
0.04373099457985874
0.13353350824478483
0.6850946027017774
3.388940288610984
0.7935805621370094
0.16044811668966508
3.9406448442980944
3.740805367083145
3.5994534977361003
3.3947115243398205
0.8054121921587253
0.8147415281446011
0.09103024827981787
3.2874135921920717
3.4200014573339024
0.3171367262630512
0.7818147747711602
0.26009135894483326
0.9443280674684925
0.6814591419444664
0.03060669188809051
3.1680444372740433
0.5756830464883945
0.7641558284677341
3.979918454104087
3.7210046037826845
0.13815380776357855
3.4628431073111483
3.7644518166130516
0.13793624658472925
3.560759055981249
3.9707041283809037
3.438146382464673
3.14803754993679
3.5646741339814443
0.5176922377564278
0.8801298246773511
0.13846660673840183
3.451022558769276
0.09901726113894704
3.278250924242417
0.34705549405398495
0.3511986940010623
3.2239019520876133
3.6906938005240084
3.0821378007882174
0.6154712351499515
3.4999544113767773
0.4168350657831651
0.5863731886214746
0.990872128788401
0.592300655215021
3.8122819016934972
0.8855533243033404
3.9917442055884536
0.7366816564297272
3.317634231257942
0.6231334836059643
3.822929298339464
3.927623471905583
3.9614112161280475
3.4815404971190893
0.7462031875892045
0.62463790774451
3.0335791026077166
0.36793363594761186
3.512050217662704
0.02324231181455938
3.0040487134916094
3.470320325067823
0.13007776339383448
0.22116441678571375
0.7124335766154697
3.4437980272213693
0.8043325804821041
3.751376543111817
3.6241212968502063
0.420103789758808
0.20074661609027156
0.6946538824339684
0.26881627740840663
0.8177874707435261
0.9972822064388085
0.32626025105954615
3.2911370037103644
0.16079207011369523
3.5552348418115427
0.7828732447867902
0.3216943190014421
3.9787406276407724
3.2357621650537287
3.6644353232373787
3.7441605423946
3.8635036936195157
3.361761251222089
0.6199110149328234
3.061321535077754
3.4928656016057293
3.5287682567953347
0.6986448771100344
0.836949238188767
3.8204822700018863
3.342263057078923
0.5730418529899255
3.9946510490438314
3.495333831255494
0.9800610151826593
3.948746746015196
3.8082086331944938
3.53239911488799
3.5505996466378065
3.033849543254646
3.885227708013714
3.889057728268785
0.837942392886847
3.055196768438903
0.053017781451219714
3.8828568780986132
3.3980670526725487
0.6401079131607189
3.840980758498482
3.806089896212341
3.7800099549684902
3.25455551237667
3.084551017438202
0.13922067778193759
0.7398528476214015
3.565000391672604
0.5702058263103295
0.48436445591955035
0.9224775854624179
3.8987452955878035
0.8607065226275425
3.7608706246159866
3.3461285954071185
3.29429187290535
3.5487648950594535
3.4157567009190175
3.417929795881216
0.32098257399765184
3.3017313303164775
3.948350095141026
0.2360104945973206
0.8148997829341508
0.40736275190014204
0.6437602576484703
3.0964909016176505
3.297166138759597
3.463877519640536
0.8745831580463196
0.08437362604647891
3.3308967638784805
0.3450400992621415
0.8439405819851709
3.9272049116205276
0.1051236039503115
3.84367958430692
0.31345487774964
3.9041603574424695
3.171719665416517
0.21753291426242694
3.1415861800031184
3.57969846766217
3.7207894680562887
0.43035318039555936
0.6154544608137262
0.24410958330717036
3.99077697828017
0.11786462466743775
0.9262650769768526
3.1359915327397396
0.9099669998041714
3.196750257004445
3.88569005904962
3.2343178533210026
0.7558706929263815
3.8301543616300626
0.9357593997871727
0.5385913113066046
0.2340636682752636
0.8182792471947754
0.5065692284490354
0.8155415691764794
0.0006453029645132613
0.7034512775449732
3.401421990645657
0.2624221021414831
3.5742541934723335
3.911826729703032
3.480921657131087
3.0384074383085586
0.8917290000517218
0.6180358982419233
0.7565400036862232
0.7012047370342125
0.3334662436810635
3.384133948756025
0.951222837160046
3.3935085519422987
3.4810874433027816
3.8962562901214226
0.03594524795420928
3.447866181940247
0.9824960450676731
3.8549023937331706
3.166774537128266
0.6600230225405758
3.303279789591958
3.859870282142979
3.247359123549203
3.79052583949418
0.1105700921081535
3.354792251797691
0.015292147303964665
0.07901595159011054
3.8388659850622706
0.5422547076653776
0.9733412938738628
3.305461659885568
3.180221021585171
3.4512729499864925
0.012628008389564016
3.727846230474392
0.15318759027481266
0.7561544605287469
3.7902957519120575
0.6913554372276769
0.015249217720971764
0.208206219289237
3.11663236861689
0.7267309837664783
3.056057376180342
0.13758390520286068
3.3345841153716345
3.740384743148471
0.05895369350614188
3.3241477868336675
0.6585258891217025
3.293850990326173
3.8191355436243164
0.3136829731524444
3.823586730225644
